1 2
2 3
3 4
4 6
5 6
6 7
7 8
8 9
9 10
10 11
11 12
12 13
13 14
14 15
15 16
16 17
17 18
18 19
19 20
18 22
22 23
23 24
22 21
24 30
30 43
30 28
25 28
28 26
27 29
28 29
31 33
17 32
32 33
33 34
34 35
35 36
35 38
36 37
38 39
39 40
40 41
41 89
42 43
43 44
44 45
45 46
44 67
67 66
66 63
63 62
62 61
61 60
63 64
64 65
44 45
45 46
47 48
48 49
49 50
50 51
58 59
57 56
52 53
54 55
66 70
70 69
69 68
68 67
70 71
71 72
71 73
71 74
75 76
76 77
77 78
78 79
69 80
80 81
81 82
68 83
83 84
84 85
85 86
86 87
87 88
88 89
89 90
90 91
91 92
92 93
93 94
94 95
85 214
214 213
213 212
213 215
215 216
216 217
217 211
212 211
211 209
209 208
208 205
205 206
206 207
212 221
216 136
14 96
96 97
97 98
98 99
99 100
100 101
101 102
102 103
103 104
104 105
105 106
106 107
107 108
107 112
108 109
112 109
109 110
110 111
111 9
111 112
112 113
113 114
114 115
113 116
116 117
117 118
118 119
117 120
120 121
121 122
122 123
123 124
124 125
125 126
125 127
122 128
128 129
106 134
134 133
112 133
133 132
132 131
131 130
130 129
129 145
99 135
135 136
136 137
137 138
138 139
104 139
139 140
106 140
140 141
141 142
142 133
141 143
143 144
144 145
145 146
146 147
147 148
148 149
149 150
149 151
151 152
152 153
153 154
154 155
152 156
156 157
156 158
158 159
159 160
160 161
161 162
162 163
163 164
164 146
141 169
169 170
170 171
171 144
165 166
166 167
167 168
140 176
176 177
176 178
178 139
178 179
179 180
180 175
175 176
137 204
204 179
204 181
181 180
181 182
182 183
183 184
184 185
185 186
186 187
187 188
188 172
172 173
173 187
173 174
174 175
188 189
189 190
190 170
137 203
230 202
202 201
201 200
200 199
199 201
200 210
210 209
209 223
223 210
199 198
198 186
210 251
251 224
224 225
225 196
196 197
197 198
224 197
190 191
191 192
192 237
156 246
245 246
245 244
244 243
243 242
242 241
241 240
240 239
239 225
191 194
192 193
237 236
236 235
194 193
193 235
194 195
193 238
235 234
234 233
195 196
238 228
228 226
226 225
226 227
227 228
227 229
233 232
232 239
244 247
229 230
230 231
231 247
232 231
247 248
248 249
249 250
248 253
253 254
253 252
253 255
255 256
256 257
257 258
258 259
259 260
255 261
261 262
262 263
263 293
255 230
227 264
264 265
265 266
264 263
225 267
223 22
222 269
269 270
269 268
268 267
267 294
297 292
292 293
292 291
291 290
290 267
290 289
289 288
288 287
287 271
271 268
222 273
273 272
272 271
272 274
274 275
275 276
276 277
277 278
278 279
278 280
280 219
224 222
222 221
221 220
220 219
219 218
286 282
282 285
282 284
282 283
282 281
281 280
283 277
271 295
295 296
296 297
297 345
345 275
345 346
297 298
296 299
346 298
298 299
299 300
300 301
301 302
302 303
302 306
306 289
344 346
290 369
369 370
370 371
371 372
372 373
373 374
377 378
375 376
371 365
365 366
366 367
367 368
365 363
363 369
363 362
363 364
362 359
364 311
359 357
357 358
357 355
355 356
355 353
353 354
353 352
352 335
353 313
313 312
312 361
361 360
360 359
311 312
311 309
309 310
308 309
303 304
304 305
304 307
307 308
308 350
350 351
350 349
349 347
347 348
346 347
344 343
342 341
341 340
340 338
338 339
338 337
276 337
337 336
336 343
313 314
314 315
315 316
316 317
317 318
343 319
319 315
319 320
320 321
321 322
321 326
326 325
322 323
323 324
324 325
324 327
327 328
328 329
328 330
330 331
329 331
331 332
332 333
333 334
