13.5 0.6
13.4 1.5
13.1 1.8
12.8 1.9
12.5 2.8
12.8 2.6
13.55 2.6
15.4 3.7
16.25 4.3
15.6 4.6
15.1 5.1
14.7 5.6
14 6
13.5 6.4
13.1 6.1
12.7 5.9
12.45 5.6
12.2 5.2
12.1 4.7
12.2 4
11.4 4.9
11.7 5.4
11.4 5.6
10.9 5.4
10.9 4.9
9.6 4.9
9.4 5.2
10 5.5
9.6 5.7
10.4 5.6
10.5 5.9
11.8 5.9
10.9 6.2
10.3 6.4
10.1 6.8
9.9 6.9
10.1 7.3
10.5 7.3
10.3 7.6
10.9 8.4
10.6 8.7
10.1 5.8
7.9 6.3
6.9 8.6
6.1 7.8
6 7.4
5.8 6.9
5.5 4.9
5.2 5.2
4.7 5.48
3.7 5.5
7.2 4.8
7.5 5.5
6.4 5.3
7.2 5.6
1.6 4.4
2.2 5.4
3.05 5.6
5.4 9.2
0.5 7.3
1.4 9.3
3 9.6
4.4 10
2.9 11.1
2.9 11.4
6.1 10.15
6.5 10.1
6.5 10.3
6.3 10.5
6.1 10.2
4.6 12.9
5.4 13.9
4.2 13.6
3.6 12.1
6.4 11.1
6.4 11.85
6.9 12.35
6.95 13.3
7.2 13.55
7.7 11.8
8.8 12.6
9.75 13.2
7.3 10.4
8.1 10.75
8.9 10.7
9 10.1
9.3 9.7
9.8 9.9
10.9 9.3
11.4 9.1
12 8.5
13 8.2
13.5 8
13.7 7.6
14.1 7.9
14.1 7.25
14.1 7.65
14.6 8.2
14.9 8.1
15.2 8.1
15.4 8.1
15.7 7.6
16.2 7
16.6 6.8
16.8 6.6
17.4 6.35
17.4 6.1
17.2 5.9
17.1 5.6
16.8 5.4
16.9 5.1
18.8 4.8
20.5 4.5
20.5 4.1
20.9 3.5
21 4.25
21.4 4.1
21.6 4
22 4
21.6 4.7
21.35 5.05
21.1 5.45
21.7 5.8
22.9 6.4
23.15 6.3
23.2 6.5
23.25 6.2
20.85 6
20.6 6.7
20.3 6.6
19.97 6.4
19.5 6.2
19.05 6.25
18.1 6.3
14.7 8.8
15.4 9.2
15.8 9.2
16.25 8.15
16.9 7.8
17.9 7.8
19.2 7.6
18.9 6.95
19.2 7.6
20.45 8
20.95 7.05
20.9 8.4
21.15 8.45
21.9 8.3
22.2 8.4
22.55 8.4
23.35 8.9
23.6 10.4
23.7 10.3
23.5 10
23.75 9.8
23.4 11.3
23.9 11.5
23 11.3
21.95 10.6
21.65 10.4
20.8 9.7
20.3 9.6
20.5 8.8
20.8 8.6
20.4 8.5
19.7 8.8
19.2 8.4
18.8 8.4
19.4 8.1
19.45 9.3
19.7 9.1
19.1 10.1
18.8 10.1
18.4 9.4
18 9.1
17.9 8.4
18.2 8.4
16.9 8.3
17.2 9.3
17.8 9.4
17.1 10
17 10.5
17 10.8
18 11.2
18.3 11.35
18.5 11.5
18.9 10.45
19.1 10.45
19.4 10.9
19.5 10.8
19.8 11.5
20.2 11.5
19.7 12.5
19.3 12.4
19.2 13
17.7 13.3
17.6 12.7
17.6 12
17.2 12.1
16.2 12
16.8 11.5
16.4 10.8
16 10.2
16.2 9.5
15.15 9.85
15.3 10.2
15.2 10.5
14.4 10
13.6 12.4
14.8 12.9
12.1 11.7
11.5 11.4
10.7 11
10 10.8
13 9.8
13.4 10
12.5 10.8
4.8 14.6
6.9 14.7
10.6 14.2
12 14.15
14.4 13.9
14.2 13.5
15.8 13.8
17.9 13.45
18.8 13.5
19.5 13.6
19.3 13.15
19.7 13.8
20.2 13.7
20.7 13.6
20.1 13.3
19.7 13.1
19.9 12.9
19.95 12.5
20.1 12.2
20.4 11.9
19.6 12.9
20.8 12.5
20.9 12.4
20.9 12.1
21 11.3
21.2 11.3
22.4 12.1
22.9 11.7
23.3 11.7
21.4 13.8
22.1 13.9
22.7 13.9
23.4 13.9
15.5 13.4
23.6 15.2
22 15.4
22 15.8
20.2 15.3
20.3 15.8
20.35 16.35
20.4 16.8
20.5 17.2
20.6 17.5
19.8 15.7
19.15.9
18.7 15.9
18.9 14.2
18.5 14.2
18.5 14.9
16.2 15.8
15 14.9
14.8 14.4
14.4 14.3
13.8 15.6
12.5 15
12.1 14.8
10.2 16.7
9.4 17
7.7 17.4
7.4 17
7.4 15.9
8 15.9
7.1 15.2
6.3 15.9
5.4 16.3
6.8 17.2
4.7 16.7
4.8 15.9
5.7 14.8
14.2 15.9
14.3 16.4
14.5 16.85
15.2 17.2
15.7 17.4
16.5 17.2
18.6 16.4
16.5 16.3
11.6 17.3
10.7 17.7
10.4 18
10.5 18.7
11 18.4
11.4 18
11.8 18.1
13.7 17.9
12.4 19
11.9 19.5
12.8 19.5
14 17.9
12.2 20
12.1 20.8
13.2 20.9
13.4 20.9
12.9 21.4
12 23.1
11.8 23.5
10.3 22.1
9.6 21.4
9.3 21.7
8.9 22.1
8.4 23.2
9 21.1
8.4 21.3
7.8 21.7
7.1 22.3
6.8 22.8
5.4 21.1
7.5 21.4
7.5 21.6
5.3 20.6
5.4 20
5.3 19.5
5.5 19.5
5.5 19
5.8 18.4
6.1 17.9
6.7 17.7
9.6 24.5
8.7 20.9
8.1 19
8.5 19
8.5 18.2
9.2 19
9.3 18.8
9 17.7
9.1 20.9
10.1 19
10.1 18.2
10.3 18.8
11 20.3
10.8 20.5
11.1 20.7
11.3 20.9
12.1 21.2
10.5 24.1
11.6 24.1
11.3 25.6
11.9 24.4
12.5 25.1
13.6 24.4
13.5 24.8
13.8 23.5
13 23.5
12.4 23.4
14.3 21.2
14.5 21.3
14.3 21.7
16 21.4
16.3 23
16.7 24.7
16.1 24.6
14.4 20
16.1 20.2
16.4 20.3
16.9 20.3
16.4 20.1
17.7 19.3
15 19.4
15.8 19.6
18.1 19.5
19.1 19.2
