1 2
2 3
3 4
4 5
5 6
6 7
7 8
8 9
9 10
10 11
11 12
13 14
14 15
15 16
16 17
17 18
18 19
19 20
6 21
21 22
22 23
23 24
24 25
23 26
26 27
27 29
20 28
28 29
29 32
32 31
31 30
30 19
32 33
33 34
25 34
34 35
35 36
36 37
37 31
31 42
42 43
43 37
36 39
39 40
40 41
41 38
37 38
38 44
43 44
45 46
46 47
46 48
47 48
47 54
54 55
55 56
56 57
57 58
58 59
59 60
60 61
61 62
62 63
63 64
64 65
65 66
66 67
67 72
63 72
49 50
50 51
51 52
48 52
52 53
72 73
73 74
74 75
75 76
76 53
53 77
77 78
78 79
79 80
80 81
76 82
82 83
83 84
84 85
85 70
67 68
68 69
69 70
70 71
71 72
68 87
87 86
86 81
87 88
88 89
89 90
90 91
91 92
92 93
93 94
94 95
95 96
96 97
97 98
98 99
99 100
96 103
97 101
101 102
102 103
103 104
104 105
105 106
106 107
107 108
108 109
109 110
110 111
111 112
112 113
113 114
114 115
68 115
68 116
116 117
117 112
112 118
118 119
119 120
65 121
120 121
121 122
122 123
123 124
124 125
125 126
126 127
127 128
128 129
129 130
130 131
130 42
129 132
132 133
133 134
131 134
134 135
135 136
136 137
137 138
138 139
139 140
140 141
141 142
142 143
143 144
138 144
43 146
146 147
147 148
148 134
146 145
145 149
149 150
150 151
139 320
320 321
321 322
322 323
323 324
324 325
325 326
326 327
327 328
328 329
329 330
330 331
331 332
332 333
333 334
334 335
335 336
336 337
339 139
337 338
338 339
339 340
339 341
341 342
342 343
340 343
343 344
344 345
345 346
346 347
347 348
348 349
349 350
350 351
351 352
350 106
102 353
353 354
354 355
355 356
356 357
357 358
358 359
359 360
360 361
361 362
362 363
363 364
364 365
365 366
366 351
362 366
359 366
349 367
367 370
368 372
373 355
370 371
371 363
361 374
374 375
375 376
376 377
377 378
378 362
371 379
379 380
380 381
381 382
382 383
381 390
390 391
391 371
391 392
392 393
393 394
394 395
395 396
396 397
397 398
398 399
399 400
400 401
401 402
402 403
403 404
404 405
405 406
406 407
407 408
408 344
344 409
409 410
410 411
411 412
412 413
414 415
415 416
415 344
393 400
401 410
390 394
394 399
399 402
402 407
407 411
411 415
382 389
389 388
388 395
395 398
398 403
403 406
406 412
412 414
385 389
387 388
385 387
387 396
397 404
405 413
389 375
149 299
383 384
299 298
298 297
297 296
320 319
319 318
318 317
317 316
316 315
315 314
314 313
313 312
312 311
311 416
04 157
157 156
156 38
156 155
157 158
44 153
375 418
418 431
418 427
374 419
419 420
419 421
422 423
423 424
424 425
425 426
426 427
424 421
425 420
428 429
429 430
430 431
431 432
432 433
433 434
434 435
435 436
436 437
430 384
433 427
425 433
434 424
435 423
437 422
438 439
439 440
440 441
441 442
442 443
443 444
444 445
445 446
446 447
447 448
448 449
437 438
441 436
442 435
443 434
444 433
445 432
446 431
447 430
448 429
449 428
449 387
449 450
450 451
451 452
452 453
453 454
454 455
455 456
456 457
457 458
458 459
459 460
460 461
438 461
439 460
440 459
441 458
442 457
443 456
444 455
445 454
446 453
447 452
448 451
461 462
462 463
463 464
464 465
465 466
466 467
467 468
468 469
469 470
470 471
471 472
472 473
463 460
464 459
465 458
466 457
467 456
468 455
468 454
470 453
471 452
472 451
473 450
473 396
473 474
474 475
475 476
476 477
477 478
478 479
479 480
480 481
481 482
482 483
483 484
484 485
397 474
475 472
476 471
477 470
478 469
479 468
480 467
481 466
482 465
483 464
484 463
485 462
485 486
486 487
487 488
488 489
489 490
490 491
491 492
492 493
493 494
494 495
495 496
496 497
487 484
488 483
489 482
490 481
491 480
492 479
493 478
494 477
495 476
496 475
497 474
404 497
497 498
499 500
500 501
501 502
502 503
503 504
504 505
505 506
506 507
507 508
508 509
486 509
487 508
488 507
489 506
490 505
491 504
492 503
493 502
494 501
495 500
496 499
312 311
300 301
301 302
302 296
293 294
293 295
295 296
295 300
290 291
291 292
292 293
300 303
303 304
304 305
305 306
306 291
303 292
305 306
306 307
307 308
308 309
309 310
310 311
311 417
310 417
417 498
507 510
510 511
511 512
512 513
513 514
514 515
515 516
516 517
517 518
518 519
519 520
520 521
521 522
522 523
523 524
524 525
525 526
526 508
526 513
525 507
525 514
524 515
523 516
523 505
522 504
522 517
518 521
521 203
520 502
519 500
501 520
511 508
527 528
528 529
529 530
530 531
531 532
532 534
534 535
535 536
536 537
537 538
538 539
528 512
529 513
530 514
531 515
532 516
518 533
534 519
535 538
537 540
538 541
539 542
540 541
541 512
581 541
582 540
582 583
581 580
543 544
544 539
543 546
544 545
545 546
545 542
547 548
548 546
547 543
543 533
534 544
547 532
549 550
550 551
551 552
552 553
553 554
555 556
549 529
550 530
551 531
549 554
550 553
551 552
549 555
554 556
557 558
557 555
556 558
527 557
558 559
559 560
560 561
559 562
556 562
551 564
562 563
563 564
564 565
565 566
566 567
567 568
568 569
569 570
563 566
554 563
567 553
568 552
569 556
569 570
565 570
570 571
571 572
572 573
573 574
574 575
575 576
576 577
577 578
578 579
579 580
569 572
573 568
548 573
546 574
572 575
571 576
575 578
574 579
545 579
580 583
583 584
584 585
585 580
585 577
584 586
586 587
310 587
286 288
288 289
289 293
289 290
290 584
586 585
285 286
285 576
284 285
277 278
278 279
279 280
280 281
281 282
282 283
283 284
281 284
283 571
565 280
570 282
560 576
276 271
276 274
270 271
270 272
272 273
273 274
273 277
274 276
272 271
158 159
159 160
160 161
161 162
162 163
163 164
164 165
165 166
166 167
167 168
168 169
169 170
170 171
171 172
172 173
173 174
174 175
175 152
152 153
153 154
154 155
164 154
155 163
161 155
151 152
176 251
176 294
176 177
177 178
178 179
179 180
180 181
181 182
182 183
183 184
184 185
185 186
186 187
187 188
188 189
189 190
190 191
191 192
192 193
193 194
194 195
195 196
196 197
197 198
198 199
199 200
200 201
201 202
202 203
203 204
204 205
205 206
206 207
207 208
208 209
209 210
210 211
211 212
212 213
213 214
214 215
215 216
216 217
217 218
218 219
219 220
220 221
221 222
222 223
223 224
224 225
180 288
200 160
202 158
205 197
208 190
213 287
287 288
211 215
216 206
205 217
203 218
285 214
217 221
215 223
224 214
224 284
225 279
225 256
256 226
226 223
226 227
227 228
228 229
229 230
230 231
231 232
232 233
233 234
234 235
235 236
236 237
237 238
238 239
239 240
240 241
241 242
242 243
243 244
244 245
245 246
246 247
247 248
248 249
249 250
250 251
251 252
227 222
230 221
243 227
253 254
254 255
255 226
225 257
257 258
258 259
259 260
260 261
261 262
262 263
263 264
264 265
265 266
266 267
267 268
268 253
265 269
263 269
272 269
270 269
