9.8 0.35
9.85 0.8
9.76 1.7
9.8 2
9.4 2.6
9.5 2.9
9.85 2.4
10.9 2
11.4 1.3
11 1
12 0.3
12.4 0.2
12.4 0.6
12.5 4.3
12.7 5.1
12.4 5.6
11.6 5.9
11.1 5.5
10.8 5.75
10.1 5.6
9.5 3.35
8.85 4.1
8.8 4.7
8.3 4.9
8.1 5.3
9.1 5.5
9.4 6.1
9.9 6.1
9.68 6.23
10.8 6.7
10.6 6.85
10.1 6.58
9.15 7.2
8 7.2
8 8.6
7.9 8.8
10.6 9
10.5 11.8
7.85 10.9
7.5 11.8
7.6 11.8
14.5 7
14.4 9.4
14.3 12.1
15.3 0.3
15.5 1.1
15.4 1.5
16.4 1.4
15.7 0.5
16.1 0.8
16.5 0.9
17 1
18 0.95
15.15 2.6
14.6 3.3
14.6 6.55
15.3 6.2
16 5.8
16.1 5.3
16.8 4.95
17.5 4.5
18.8 4.2
19.3 4
19.2 5.5
20.9 5.5
20.3 4 7
20.1 4.2
22.2 4.3
21.7 3.9
21.3 2.8
21.7 3.4
19.9 3.7
19.8 3.1
19.6 3.6
19.25 2
19.6 1.3
18.7 0.5
20 1.3
20.6 1.7
21.1 2
21.6 2.5
19.2 1.4
19.7 2.7
20.2 1.95
21.7 2.3
22.1 3.4
22.4 4
23.05 3.9
23.9 3.3
24.5 2.9
24.75 2.6
25.1 2.6
25.6 3.1
26.9 2.8
27.6 3.9
29.6 4
29.8 3.1
30 2.3
30.6 1.4
30.7 0.3
30.4 3.3
30.65 4
29.5 4.45
29.4 5
28.9 6.2
28.4 7.3
27.6 7.1
27.2 6.8
27.5 6.5
26.5 6.5
25 6.3
24.2 6.4
23.4 5.7
23 5
22.7 4.3
22.5 5.4
23 6
23.8 6.6
23.3 6.6
22.8 6.3
21.25 5.7
21.7 6.35
19.4 6.3
18.5 6.3
17.3 5.9
14 6.2
16.8 6.6
16.8 6.8
16.4 7.1
15.3 7.1
15.4 7.3
16.4 7.5
16.5 7.8
16.5 8.4
17 8.8
17.8 8.8
18.2 9
18.5 9.5
19.3 10
18.65 10.1
18.3 10.3
17.8 10.3
18.1 10.1
18.15 9.7
17.7 10.6
16.3 9.5
16.9 9
16.6 8.8
17.3 11.5
16.9 12
16.8 15.2
16.35 15.2
14.2 15
12 15
10.3 14.8
10.4 14
7.4 13.8
10.5 14.7
8 15
8.5 15
9.6 14.7
10.1 15.15
10.4 15.1
11.9 15.1
12.4 15.4
13 15.4
13.2 15.2
14.1 15.25
15 15.5
15.1 15.6
15.1 15.9
15.4 16
15.8 16.05
16.1 15.9
16.35 15.7
17.75 15.3
18 15.6
18.6 15.7
18.7 15.9
18.6 16.4
17.5 16.6
16.9 16.9
16 16.9
15.7 16.7
15.5 16.5
15.2 16.4
14.9 16.6
14.5 16.7
14 16.5
16.8 16.4
13.3 16.2
13 16.3
15.8 16.2
12.2 16.6
11.8 16.5
11.5 16.55
11.1 16.25
10.6 16.25
10.35 16
8.2 15.3
7.8 16
7.3 16.3
7.3 16.5
10.7 16.8
10.9 16.8
12.7 16.9
12.8 16.7
13.8 16.6
13.8 16.8
15.2 16.9
15.3 17
17.1 17.2
18 17.3
18 18.2
15.2 18
12.7 17.9
10.7 17.8
7.3 17.6
6.7 81.4
7.5 18.8
10.7 18.7
12.6 18.8
15.2 18.9
17.9 19.1
17.8 20.3
15.1 19.9
12.5 19.8
11.2 19.8
11.25 19.2
10.7 9.2
10.4 19.5
10.1 19.5
9.6 20.2
9.7 20.4
10.1 20.4
10.3 20.2
10.7 20.3
10.8 20 4
11.1 20.5
11.5 20.3
11.7 20.4
11.7 20.85
12.5 20.7
13 20.7
13.2 21.05
13.6 22.5
13.5 22.8
13.7 22.9
14 23.3
13.9 23.8
14.2 24.5
14.5 25
15.7 24.3
15.8 21.8
15.1 20.6
16.5 20.1
17.7 21.4
18 21.5
18 22
17.4 22.2
17.3 22.6
17.8 23.2
17.7 23.9
17.5 24.2
17.5 24.5
16.8 24.6
16.7 24.2
16.2 24
18.1 24.7
18.7 24.9
18.5 24.9
19 24.2
19.4 23.4
19.9 23.4
20.1 23.6
20.8 23.8
19.4 22.8
20.1 22.2
20.3 20.8
20.4 20.5
20.2 20.15
20.4 20.2
20.5 19.5
20.2 19.45
20.2 18.5
20.5 17.1
18.8 17.4
18.9 16.8
18.9 16.6
20.5 16.8
20.7 15.7
20.1 15.5
19.1 15.3
18.2 15.2
19.2 14.1
19.3 13.3
18.4 11.9
18.5 11.5
17.9 11.6
20.3 14.1
20.35 13.8
20.05 13.4
20.7 14.2
21.05 14.6
21.1 15.1
21.4 15.1
21.7 15.4
22.2 15.4
22.2 15.6
22.5 15.5
22.5 14.3
21.7 14
21.1 14
20.6 13.6
20.65 13.3
21.05 13.1
21.2 12.8
21.5 12.8
20.85 10.85
20.9 10.2
21.6 10.5
21.55 9.9
22.3 9.35
22.6 8.8
22.25 8.1
21.7 8.2
21.65 7.2
21.4 7.5
20.9 7.5
21.15 7.75
21.2 8.5
20.85 8.5
20.8 8.8
20.5 8.8
20.5 9
20.25 9.2
19.6 9.3
22.2 7
23.4 6.9
24.2 7.4
24.4 6.35
24.8 7.4
24.9 8
24.9 8.6
25.55 8.7
26 8.35
27.1 8.3
27.3 8.5
28.1 8.5
28.2 8
29.9 8.85
28.9 7.5
30.9 5.1
31.35 6.15
31.5 7.05
31.6 7.25
31.8 7.8
32 8.9
32.2 9.3
32.3 9.7
32.25 11
31.4 11.05
30.3 11
30.4 10.7
30.7 10.4
30.9 10
28.2 8.9
28.45 9.4
28.6 9.5
28.75 9.9
29 11.1
29.4 8.5
29.7 8.4
31.9 15.5
30.9 15.4
31.2 14.8
31.2 12.7
31.5 12
29.2 12.8
29.1 13.1
28.4 13.6
28.3 14
28.7 14.6
28.6 15.9
28.1 16
0 0
27.6 16.2
27.6 15.2
28.2 15.25
28.5 11.9
28.7 11
28.4 10.8
27 10.7
26.8 11.8
26.6 15.1
26.7 16.3
26.1 16.3
26.2 15.1
26.4 11.7
26.5 10.7
26.1 10.7
62 11.7
25.8 15
25.7 16.3
25.3 16.25
25.3 15
25.5 11.7
25.7 10
25.3 10
25.2 10.7
25.1 11.6
24.8 14.9
24.8 16.2
24.4 14.9
24.7 11.65
22.8 11.6
23.9 15.7
30.2 16
31.7 17.5
31.3 17.6
31.8 18
32.1 19.2
31.7 18.8
31.3 18.4
30.95 18.05
30.5 17.5
30.1 16.9
28.1 16.3
28.3 16.5
28.45 16.7
29 17.1
29.6 17.5
30 18
30.5 18.4
30.8 18.9
31.3 19.35
32.1 20
32 21.35
31.7 20.6
31.6 20.4
30.85 19.85
30.4 19.4
29.9 19
29.5 18.5
29.2 18.15
28.65 17.5
28.2 17.1
27.9 16.8
27.7 16.6
27.5 16.75
27.8 17
28.05 17.35
28.45 17.7
29.18.3
29.35 18.7
29.8 19.1
30.25 19.05
30.7 20
31.3 20.6
31.45 20.8
32 21.35
31.8 21.7
31.2 21.1
31 20.9
30.35 20.35
29.8 19.8
29.5 19.4
29 19
28.6 18.6
28.15 18.1
27.7 17.7
27.4 17.4
27.1 17.1
26.9 17.3
27.15 17.6
27.5 17.9
27.9 18.3
28.3 18.7
28.7 19.2
29.2 19.7
29.6 20.1
30.1 20.6
30.7 21.2
30.9 21.3
31.4 22
31.1 22.3
30.4 21.75
30.2 21.5
29.7 21
29.2 20.5
28.8 20.05
28.4 19.6
27.9 19.1
27.5 18.6
27.1 18.2
26.8 17.5
26.6 17.6
26.2 18
26.4 18.2
26.7 18.2
27.2 18.9
27.8 19.4
28.1 20
28.4 20.3
28.9 20.8
29.4 21.3
29.95 21.8
30.15 21.9
30.8 22.6
29.5 23.9
28.4 23.65
26 23.2
26.25 21.55
26.3 21.3
26.35 21.15
26.4 20.5
26.5 20.35
26.6 19.65
26.6 19.35
27 19.4
26.95 19.7
26.8 20.3
26.75 20.7
26.7 21.15
26.65 21.3
26.6 21.6
25.8 24.5
25 23
25.15 21.45
25.2 21.3
25.25 21.1
25.3 20.1
25.55 19.45
25.6 19.1
25.85 17.9
25.8 17.7
25.2 17.65
25.5 17.9
25.3 18.1
25.2 17.6
25.2 17.85
25.1 18.1
25.2 19.3
25.3 19.1
25 19.05
24.9 19.3
25.1 20.2
24.7 20.1
24.85 21.4
24.9 21.25
24.92 21
24.55 20.95
24.5 21.15
24.5 21.35
24.7 23
24.35 22.95
24.4 24.4
24.1 24.4
22.4 24.1
21.2 23.85
21.35 22.35
22.7 22.7
22.95 21.2
21.7 21
21.7 20.8
22.95 20.95
23.3 21
23.3 20.8
23 20.7
21.8 20.5
21.8 19.75
23.1 20
23.4 20.05
23.7 19.1
23.2 19
21.9 18.8
21.95 18.6
23.3 18.8
23.7 18.8
23.8 17.7
24.8 17.8
24.85 17.5
23.8 17.3
22.2 17.1
22.15 17.3
20.5 17.1
22.5 16.05
